100 10 100 10 100
8 41 6 27 23 2 1 46 49 7 37 50 46 45 17 36 25 47 36 43 43 20 36 5 11 47 21 35 29 14 30 46 17 18 10 9 42 36 49 34 48 12 10 11 20 50 12 23 4 2 28 31 26 46 44 48 29 14 7 39 8 1 35 7 32 11 22 1 19 17 14 7 29 35 10 3 14 35 14 33 4 36 8 12 37 24 33 15 34 15 25 23 46 38 28 43 31 37 26 29
958 0
637 0
596 4
0 189
3 137
4 214
7 94
1128 2
1 94
7 24
698 3
4 144
6 95
9 13
1296 0
804 5
0 156
2 234
4 24
5 197
7 170
1074 5
1 47
3 13
4 148
5 93
7 152
984 5
1 242
3 151
5 11
6 32
9 21
915 0
84 2 931
19 6 820
0 6 25
0 1 882
19 6 905
0 8 232
0 9 611
1 7 517
43 2 487
99 4 298
11 3 443
36 2 140
1 8 359
0 3 784
3 6 448
2 3 796
1 2 464
2 3 995
18 2 594
9 5 49
1 1 886
0 7 214
80 1 939
0 5 717
6 9 261
19 4 914
1 1 255
57 8 842
24 5 134
27 8 309
7 7 255
0 1 694
70 3 377
0 4 460
5 4 649
2 1 676
5 4 819
0 2 667
0 2 700
22 6 544
6 4 951
0 3 83
2 3 43
14 8 836
84 1 629
35 2 856
5 4 60
27 6 84
4 8 929
0 6 245
1 7 40
4 1 305
76 0 874
40 6 809
2 6 225
22 2 608
2 7 626
2 3 800
89 4 628
4 8 664
7 4 591
7 2 437
36 8 485
4 0 815
5 1 33
2 5 769
4 1 444
1 4 123
5 6 252
11 6 503
0 5 232
5 7 12
48 3 103
0 0 11
94 5 73
9 1 433
5 6 203
0 6 559
1 9 811
36 9 358
7 8 321
1 2 426
13 0 724
6 0 613
78 0 428
0 2 946
25 2 357
6 3 125
55 6 303
0 2 313
1 3 794
37 2 124
90 3 570
5 2 110
3 3 961
33 8 445
19 4 174
0 6 722
61 2 626
5 1 315
